08-01-08
     471    1491   10636 *.h
     395     974    8419 *.cc
     866    2465   19055 total

08-01-11
     754    2283   16889 *.h
     636    1641   14582 *.cc
    1390    3924   31471 total

08-01-27
     867    2717   20076 *.h
    1059    3163   27641 *.cc
    1926    5880   47717 total

08-02-09
     667    1859   16086 *.h
    1107    3232   28567 *.cc
    1774    5091   44653 total

08-03-12
    1777    8549   59619 *.hs
    1089    3457   28468 *.h
    1705    4867   43374 *.cc
    4571   16873  131461 total

08-03-15
    1800    8635   60726 *.hs
    1339    4499   36421 *.h
    2091    6190   55336 *.cc
    5230   19324  152483 total

08-03-17
    2001    9698   67644 *.hs
    1358    4606   37456 *.h
    2268    6713   59998 *.cc
    5627   21017  165098 total

08-03-20
    2508   12423   86402 *.hs
    1470    5321   41756 *.h
    2553    7579   68035 *.cc
    6531   25323  196193 total

08-04-05
    3373   16624  115209 *.hs
    1376    5041   39172 *.h
    2303    7036   63670 *.cc
    7052   28701  218051 total

08-04-21
    4253   22120  151123 *.hs
    1405    5145   39954 *.h
    2354    7264   65644 *.cc
     189     662    5433 *.py
    8201   35191  262154 total

08-04-29
    5019   26081  179312 *.hs
    1454    5407   41916 *.h
    2464    7498   68361 *.cc
     188     653    5374 *.py
    9125   39639  294963 total

08-05-05
    6045   30967  214924 *.hs
    1457    5430   42110 *.h
    2505    7668   69558 *.cc
     189     655    5399 *.py
   10196   44720  331991 total

08-05-06
    6343   32633  226825 *.hs
    1457    5430   42110 *.h
    2505    7668   69558 *.cc
     189     655    5399 *.py
   10494   46386  343892 total

08-05-13
    7381   37815  262795 *.hs
    1457    5430   42110 *.h
    2505    7668   69558 *.cc
     189     655    5399 *.py
   11532   51568  379862 total

08-05-18
    7730   39680  276989 *.hs
    1457    5430   42110 *.h
    2505    7668   69558 *.cc
     189     655    5399 *.py
   11881   53433  394056 total

08-05-25
    8813   45459  317640 *.hs
    1457    5430   42113 *.h
    2509    7682   69700 *.cc
     189     655    5399 *.py
   12968   59226  434852 total

08-06-02
    9997   51309  359447 *.hs
    1552    5705   44428 *.h
    2958    8989   81511 *.cc
     189     655    5399 *.py
   14696   66658  490785 total

08-06-17
   11548   60717  423267 *.hs
    1560    5825   45051 *.h
    3021    9276   83996 *.cc
     189     655    5399 *.py
   16318   76473  557713 total

08-06-23
   12338   64608  452722 *.hs
    1571    5878   45402 *.h
    3041    9362   84559 *.cc
     215     748    6119 *.py
   17165   80596  588802 total

08-07-01
   13042   68446  481202 *.hs
    1752    6640   50430 *.h
    3243   10234   92850 *.cc
     215     748    6119 *.py
   18252   86068  630601 total

08-07-09
   15004   78755  553841 *.hs
    1855    6899   52759 *.h
    3433   10713   97613 *.cc
     215     748    6109 *.py
   20507   97115  710322 total

08-07-13
   15827   82934  584336 *.hs
    1855    6899   52759 *.h
    3433   10713   97613 *.cc
     215     748    6109 *.py
   21330  101294  740817 total

08-07-29
   16769   88261  618418 *.hs
    1864    7019   53621 *.h
    3768   11615  106192 *.cc
     215     748    6109 *.py
   22616  107643  784340 total

08-08-19
   16972   89205  628021 *.hs
    1864    7019   53625 *.h
    3483   10882   98935 *.cc
     300    1061    8723 *.py
   22619  108167  789304 total

08-09-04
   17959   95466  671739 *.hs
    1864    7021   53636 *.h
    3507   10947   99693 *.cc
     300    1061    8723 *.py
   23630  114495  833791 total

08-09-08
   18079   95762  674622 *.hs
    1895    7115   54525 *.h
    3772   11676  106908 *.cc
     300    1061    8723 *.py
   24046  115614  844778 total

09-07-12
   18692   99261  700192 *.hs
    1910    7193   55177 *.h
    3945   12577  114111 *.cc
     300    1065    8747 *.py
   24847  120096  878227 total

09-08-01
   20121  106779  755579 *.hs
    1912    7206   55292 *.h
    3951   12586  114208 *.cc
     300    1065    8747 *.py
   26284  127636  933826 total

09-08-11
   20311  107938  763658 *.hs
    1984    7465   57500 *.h
    4157   13229  120687 *.cc
     300    1065    8747 *.py
   26752  129697  950592 total

09-08-25
   20604  109676  773820 *.hs
    1984    7465   57500 *.h
    4158   13230  120707 *.cc
     300    1065    8747 *.py
   27046  131436  960774 total

09-09-22
   21870  116788  823776 *.hs
    1983    7448   57405 *.h
    4148   13228  120771 *.cc
     366    1263   10751 *.py
   28367  138727 1012703 total

09-10-10
   22633  121128  853380 *.hs
    2037    7659   59536 *.h
    4354   13863  127694 *.cc
     377    1306   11026 *.py
   29401  143956 1051636 total

09-11-20
   23633  126879  895659 *.hs
    2084    7827   60932 *.h
    4521   14495  133617 *.cc
     414    1419   12183 *.py
   30652  150620 1102391 total

09-12-09
   24598  132071  930369 *.hs
    2080    7817   60850 *.h
    4534   14527  133920 *.cc
     500    1695   14445 *.py
   31712  156110 1139584 total

09-12-25
   25250  135441  952906 *.hs
    2082    7829   60960 *.h
    4532   14530  133930 *.cc
     499    1690   14408 *.py
   32363  159490 1162204 total
